x	prime	fixed	sma	med	big
1	0.8555	0.4517	0.4426	0.4102	0.4044
2	0.7261	0.3285	0.2991	0.2902	0.2755
3	0.4568	0.3084	0.2525	0.2575	0.24
4	0.2806	0.2602	0.2427	0.2417	0.2196
5	0.2535	0.2578	0.2176	0.2266	0.2059
6	0.2199	0.2304	0.2037	0.2127	0.1896
7	0.2042	0.2326	0.1976	0.2044	0.1823
8	0.196	0.2276	0.191	0.2121	0.1693
9	0.1923	0.2246	0.1886	0.1991	0.1735
10	0.1738	0.2285	0.1782	0.1942	0.1685
11	0.1944	0.2196	0.1735	0.1815	0.1558
12	0.168	0.2164	0.1723	0.1787	0.1544
13	0.1662	0.2103	0.1623	0.1695	0.1467
14	0.1626	0.2171	0.1671	0.1685	0.1446
15	0.1567	0.2005	0.1629	0.1638	0.1434
16	0.1575	0.2093	0.159	0.1636	0.1454
17	0.1549	0.2058	0.1652	0.1652	0.1412
18	0.1559	0.1933	0.1558	0.1568	0.1397
19	0.1566	0.192	0.158	0.1555	0.1349
20	0.1563	0.1922	0.1532	0.1577	0.136
21	0.1515	0.1809	0.1459	0.1509	0.14
22	0.1501	0.1901	0.1514	0.1528	0.1328
23	0.15	0.1778	0.1525	0.1486	0.1346
24	0.1484	0.1907	0.1497	0.1518	0.1283
25	0.1498	0.185	0.1483	0.1535	0.127
26	0.1436	0.1832	0.1477	0.1452	0.1259
27	0.137	0.1825	0.153	0.1425	0.1282
28	0.147	0.1826	0.1497	0.1522	0.1296
29	0.1475	0.1723	0.1431	0.1394	0.1281
30	0.1436	0.1859	0.1488	0.1458	0.1227
31	0.137	0.1811	0.1392	0.1394	0.1229
32	0.1421	0.1885	0.1403	0.1378	0.1291
33	0.1336	0.1756	0.1354	0.1376	0.1263
34	0.1338	0.1818	0.1424	0.1321	0.1195
35	0.1398	0.1717	0.135	0.1301	0.1197
36	0.1412	0.1782	0.1385	0.1397	0.1205
37	0.1357	0.174	0.1349	0.133	0.1208
38	0.1348	0.1758	0.1326	0.1339	0.1229
39	0.1382	0.1741	0.1321	0.1263	0.1161
40	0.1342	0.1702	0.1349	0.132	0.1222
41	0.1337	0.1752	0.1303	0.1292	0.1169
42	0.1317	0.1728	0.1311	0.1266	0.1191
43	0.1279	0.1716	0.1289	0.1336	0.1219
44	0.1292	0.1697	0.1322	0.1274	0.1183
45	0.1163	0.1741	0.1313	0.1333	0.1172
46	0.1172	0.1748	0.1316	0.1258	0.1194
47	0.1143	0.1672	0.1282	0.1264	0.1184
48	0.1167	0.1758	0.127	0.1255	0.1141
49	0.1154	0.168	0.1331	0.1272	0.1166
50	0.1122	0.1726	0.1314	0.129	0.113
51	0.1149	0.1682	0.1247	0.1222	0.112
52	0.1135	0.1704	0.1243	0.1238	0.1152
53	0.1136	0.1642	0.1265	0.1269	0.1111
54	0.1138	0.1694	0.1254	0.1267	0.1138
55	0.1117	0.1731	0.1368	0.1235	0.1136
56	0.1135	0.1554	0.1255	0.1182	0.1123
57	0.1127	0.1615	0.1239	0.1192	0.1114
58	0.1132	0.1755	0.1265	0.1224	0.1118
59	0.1109	0.1775	0.1271	0.1217	0.115
60	0.1109	0.1673	0.1242	0.118	0.1098
61	0.1052	0.1428	0.1142	0.1067	0.1024
62	0.106	0.153	0.1116	0.1123	0.1018
63	0.1045	0.1555	0.1113	0.1094	0.1022
64	0.1047	0.1497	0.1124	0.1103	0.1003
65	0.1064	0.1503	0.1113	0.1085	0.0986
66	0.1047	0.1541	0.1092	0.1079	0.0978
67	0.1057	0.1417	0.1082	0.1064	0.098
68	0.1053	0.1452	0.1099	0.1054	0.0993
69	0.1038	0.1446	0.1081	0.1043	0.097
70	0.1038	0.1447	0.1107	0.1098	0.1014
71	0.1044	0.1561	0.1133	0.1054	0.0995
72	0.1057	0.146	0.1093	0.1087	0.0976
73	0.1053	0.1473	0.1109	0.1061	0.1025
74	0.1046	0.1456	0.1118	0.1053	0.1004
75	0.1043	0.1405	0.1096	0.1058	0.098
76	0.1033	0.1459	0.106	0.1045	0.0952
77	0.103	0.1471	0.1076	0.1064	0.1001
78	0.1069	0.1449	0.11	0.104	0.0978
79	0.103	0.1454	0.1108	0.1038	0.0979
80	0.1032	0.1412	0.1064	0.1035	0.098
81	0.1041	0.1359	0.1103	0.1032	0.0969
82	0.105	0.1442	0.111	0.1029	0.098
83	0.1031	0.1499	0.1062	0.103	0.0958
84	0.102	0.1478	0.1123	0.1057	0.097
85	0.1016	0.1535	0.1068	0.1045	0.0966
86	0.1016	0.1409	0.1095	0.1032	0.0963
87	0.1016	0.1467	0.1112	0.1059	0.098
88	0.103	0.1468	0.109	0.1034	0.0985
89	0.1017	0.1441	0.1081	0.1018	0.0968
90	0.1031	0.1351	0.1065	0.1037	0.0984
91	0.103	0.1426	0.1071	0.1045	0.0998
92	0.1017	0.139	0.1077	0.1006	0.0962
93	0.1014	0.1407	0.1077	0.1014	0.0949
94	0.1002	0.1506	0.1092	0.105	0.0962
95	0.103	0.1426	0.1052	0.1038	0.0972
96	0.1025	0.1386	0.1068	0.1044	0.096
97	0.1023	0.1444	0.1056	0.0994	0.0967
98	0.1004	0.1414	0.1074	0.1037	0.0956
99	0.1017	0.1394	0.1051	0.103	0.0969
100	0.1023	0.143	0.1089	0.1066	0.0968
101	0.1007	0.1425	0.1042	0.1009	0.0939
102	0.1038	0.1361	0.1058	0.1022	0.0964
103	0.1015	0.1442	0.1076	0.1061	0.0958
104	0.1031	0.1456	0.1102	0.102	0.0973
105	0.1004	0.1423	0.1062	0.1014	0.0946
106	0.1004	0.1384	0.1037	0.0988	0.0937
107	0.1018	0.1406	0.108	0.103	0.098
108	0.102	0.1369	0.1071	0.1003	0.0971
109	0.1001	0.1452	0.1051	0.1023	0.0968
110	0.0993	0.1402	0.1039	0.1054	0.0927
111	0.1028	0.1325	0.1065	0.1023	0.0961
112	0.0988	0.1457	0.1053	0.1016	0.0973
113	0.1043	0.1377	0.1042	0.1026	0.0963
114	0.0991	0.1389	0.1031	0.101	0.0955
115	0.1015	0.142	0.1052	0.0975	0.0923
116	0.0998	0.1426	0.1086	0.1005	0.0922
117	0.1021	0.1477	0.1033	0.0989	0.0947
118	0.1008	0.1372	0.1035	0.0998	0.0948
119	0.1012	0.1403	0.1033	0.0988	0.0935
120	0.1028	0.1445	0.1035	0.0984	0.0955
121	0.1002	0.1252	0.1011	0.0968	0.0903
122	0.099	0.1338	0.0992	0.0952	0.09
123	0.1021	0.1316	0.0969	0.093	0.09
124	0.0992	0.1322	0.0999	0.0934	0.0897
125	0.1018	0.1312	0.1017	0.0953	0.0918
126	0.1006	0.1273	0.0995	0.0936	0.0886
127	0.101	0.1324	0.0971	0.0935	0.0884
128	0.1027	0.1332	0.0987	0.0934	0.0896
129	0.1016	0.1273	0.0959	0.0938	0.0888
130	0.1015	0.1291	0.0984	0.0952	0.09
131	0.1004	0.1324	0.0985	0.0929	0.0883
132	0.0981	0.1274	0.0974	0.0928	0.0885
133	0.0981	0.1276	0.0977	0.0912	0.0895
134	0.0999	0.1284	0.0961	0.0923	0.0899
135	0.0998	0.1314	0.0968	0.0918	0.0909
136	0.102	0.131	0.0994	0.0937	0.0873
137	0.0999	0.1306	0.0992	0.094	0.0888
138	0.1003	0.1345	0.0982	0.0915	0.0867
139	0.0993	0.1269	0.0959	0.0928	0.0881
140	0.0992	0.1321	0.0954	0.0922	0.0867
141	0.0999	0.133	0.0971	0.0934	0.0882
142	0.1011	0.1291	0.0971	0.0921	0.0904
143	0.0998	0.1255	0.098	0.0937	0.0875
144	0.0996	0.1314	0.0971	0.0914	0.087
145	0.0996	0.1391	0.0958	0.0928	0.0899
146	0.1003	0.1296	0.0966	0.0939	0.0876
147	0.0991	0.1261	0.0988	0.0931	0.0886
148	0.0995	0.1289	0.0976	0.0946	0.0881
149	0.1007	0.1252	0.0954	0.0907	0.0881
150	0.1008	0.1309	0.0956	0.0921	0.0848
151	0.1003	0.124	0.0986	0.0896	0.0871
152	0.0997	0.1265	0.0968	0.092	0.087
153	0.0986	0.1335	0.0968	0.0922	0.0892
154	0.0986	0.1259	0.0972	0.0931	0.0872
155	0.1006	0.1324	0.0968	0.0937	0.0896
156	0.0963	0.1367	0.0975	0.0921	0.087
157	0.0984	0.1262	0.0956	0.0908	0.0881
158	0.1007	0.1292	0.0963	0.0927	0.0877
159	0.1019	0.1264	0.0968	0.0914	0.0876
160	0.0972	0.1296	0.0967	0.0911	0.0871
161	0.0958	0.1261	0.0995	0.0912	0.088
162	0.0987	0.1268	0.0965	0.0908	0.0867
163	0.0974	0.1289	0.0972	0.0903	0.0883
164	0.0984	0.1334	0.0934	0.0915	0.0871
165	0.1006	0.1271	0.0969	0.0919	0.0867
166	0.0975	0.1304	0.0965	0.0944	0.0877
167	0.1003	0.1286	0.0951	0.0901	0.0892
168	0.0996	0.1331	0.0978	0.0935	0.0869
169	0.0972	0.1204	0.0969	0.0901	0.0877
170	0.0971	0.121	0.0955	0.0921	0.0887
171	0.0984	0.1284	0.0966	0.0914	0.0874
172	0.0974	0.1354	0.0962	0.0924	0.0871
173	0.0989	0.1301	0.0962	0.0896	0.0872
174	0.1	0.1315	0.0956	0.0928	0.0889
175	0.0963	0.126	0.0959	0.0926	0.0876
176	0.0979	0.1319	0.094	0.0921	0.0861
177	0.099	0.1196	0.0958	0.0919	0.0875
178	0.0977	0.1327	0.0962	0.0918	0.0864
179	0.0989	0.1239	0.0978	0.0921	0.0868
180	0.0964	0.1256	0.0956	0.0913	0.0872
181	0.1008	0.1242	0.0954	0.0897	0.0848
182	0.1001	0.1211	0.0914	0.0897	0.0859
183	0.0967	0.1269	0.0944	0.0909	0.0863
184	0.0998	0.1236	0.0938	0.0886	0.0845
185	0.0984	0.1232	0.093	0.0896	0.0868
186	0.0989	0.1308	0.0925	0.0897	0.0849
187	0.0979	0.1245	0.0941	0.0898	0.0853
188	0.0984	0.1199	0.0933	0.0888	0.0859
189	0.0937	0.1154	0.0944	0.0907	0.0854
190	0.1021	0.1155	0.0938	0.0878	0.0874
191	0.0969	0.1225	0.0922	0.0882	0.0849
192	0.098	0.1277	0.0929	0.0888	0.0855
193	0.0976	0.1259	0.0932	0.0875	0.083
194	0.0982	0.1224	0.0924	0.089	0.0857
195	0.0992	0.1201	0.0922	0.0883	0.085
196	0.0975	0.1232	0.0952	0.0881	0.0841
197	0.0983	0.1247	0.0931	0.0903	0.0862
198	0.0964	0.1188	0.0934	0.0882	0.0842
199	0.0943	0.1241	0.0932	0.0878	0.0839
200	0.0942	0.1274	0.0947	0.0898	0.0862
